
=== A. Треугольник удержания (% от размера когорты) ===
    NULL = месяц ещё не наступил (правая цензура), не ноль

cohort   size  m1    m2    m3    m6    m9   m12
-------  ----  ----  ----  ----  ----  ---  ---
2024-01  176   9.7   8.5   10.2  4.5   4.5  4.0
2024-02  176   9.7   12.5  7.4   6.3   9.1  2.3
2024-03  209   9.1   10.0  13.9  6.2   8.6  2.9
2024-04  227   12.8  11.0  6.6   9.3   2.2  2.6
2024-05  230   14.8  10.0  6.1   8.3   2.2  6.1
2024-06  216   12.5  7.4   8.3   11.1  2.8  1.4
2024-07  211   10.0  9.5   12.3  5.7   3.8  2.4
2024-08  225   9.3   9.3   16.0  5.8   5.8  2.7
2024-09  266   12.4  16.5  13.2  6.4   4.1  4.5
2024-10  320   16.3  15.6  7.2   5.9   4.4  4.1
2024-11  568   8.8   4.2   3.7   3.9   2.5  4.0
2024-12  356   4.5   4.8   5.1   3.1   2.2  4.5
2025-01  241   9.5   11.6  11.2  7.5   3.7  3.3
2025-02  224   12.1  10.7  10.3  8.0   8.0  2.2
2025-03  259   12.4  12.4  8.9   5.8   3.9  2.7
2025-04  286   12.9  11.5  9.1   9.8   3.1  1.7
2025-05  301   12.3  12.3  8.3   11.0  2.3  4.0
2025-06  274   12.0  9.5   11.7  12.0  4.4  1.5
2025-07  264   10.6  11.7  11.0  3.4   5.7  1.1
2025-08  280   14.3  15.7  16.4  5.0   5.7  3.9
2025-09  332   14.8  20.5  15.4  7.5   6.0     
2025-10  385   19.2  16.1  6.8   7.0   3.9     
2025-11  687   9.8   3.9   4.7   4.2   2.5     
2025-12  436   4.1   3.7   3.9   3.7           
2026-01  281   10.3  8.5   10.7  5.7           
2026-02  267   11.2  9.7   10.1  9.4           
2026-03  331   10.6  15.7  6.9                 
2026-04  349   12.6  9.7   9.2                 
2026-05  359   12.5  10.6  10.3                
2026-06  320   10.9  10.0                      
2026-07  323   15.2                            
2026-08  333                                   

=== B. Качество когорт: M1 против среднего (оконные функции) ===

cohort   size  m1_pct  avg_all  delta_vs_avg  ma3   vs_prev  rank_m1  rank_size
-------  ----  ------  -------  ------------  ----  -------  -------  ---------
2024-01  176   9.7     11.5     -1.8          9.7            24       30       
2024-02  176   9.7     11.5     -1.8          9.7   0.0      24       30       
2024-03  209   9.1     11.5     -2.4          9.5   -0.6     28       29       
2024-04  227   12.8    11.5     1.3           10.5  3.7      8        24       
2024-05  230   14.8    11.5     3.3           12.2  2.0      4        23       
2024-06  216   12.5    11.5     1.0           13.4  -2.3     10       27       
2024-07  211   10.0    11.5     -1.5          12.4  -2.5     22       28       
2024-08  225   9.3     11.5     -2.2          10.6  -0.7     27       25       
2024-09  266   12.4    11.5     0.9           10.6  3.1      12       19       
2024-10  320   16.3    11.5     4.8           12.7  3.9      2        11       
2024-11  568   8.8     11.5     -2.7          12.5  -7.5     29       2        
2024-12  356   4.5     11.5     -7.0          9.9   -4.3     30       6        
2025-01  241   9.5     11.5     -2.0          7.6   5.0      26       22       
2025-02  224   12.1    11.5     0.6           8.7   2.6      15       26       
2025-03  259   12.4    11.5     0.9           11.3  0.3      12       21       
2025-04  286   12.9    11.5     1.4           12.5  0.5      7        14       
2025-05  301   12.3    11.5     0.8           12.5  -0.6     14       13       
2025-06  274   12.0    11.5     0.5           12.4  -0.3     16       17       
2025-07  264   10.6    11.5     -0.9          11.6  -1.4     19       20       
2025-08  280   14.3    11.5     2.8           12.3  3.7      6        16       
2025-09  332   14.8    11.5     3.3           13.2  0.5      4        8        
2025-10  385   19.2    11.5     7.7           16.1  4.4      1        4        
2025-11  687   9.8     11.5     -1.7          14.6  -9.4     23       1        
2025-12  436   4.1     11.5     -7.4          11.0  -5.7     31       3        
2026-01  281   10.3    11.5     -1.2          8.1   6.2      21       15       
2026-02  267   11.2    11.5     -0.3          8.5   0.9      17       18       
2026-03  331   10.6    11.5     -0.9          10.7  -0.6     19       9        
2026-04  349   12.6    11.5     1.1           11.5  2.0      9        7        
2026-05  359   12.5    11.5     1.0           11.9  -0.1     10       5        
2026-06  320   10.9    11.5     -0.6          12.0  -1.6     18       11       
2026-07  323   15.2    11.5     3.7           12.9  4.3      3        10       

=== C. Скидочные когорты (ноя/дек) против остальных ===
    Проверяем гипотезу: распродажа приводит МНОГО, но ПЛОХИХ клиентов

cohort_type      n_cohorts  customers  avg_cohort_size  m1_pct  m3_pct
---------------  ---------  ---------  ---------------  ------  ------
promo (ноя-дек)  4          2047       512.0            7.4     4.3   
обычная          25         6689       268.0            12.5    10.2  

=== D. Удержание по каналу привлечения ===

channel         customers  m1_pct  m3_pct  m6_pct  share_of_base_pct  rank_by_m3
--------------  ---------  ------  ------  ------  -----------------  ----------
organic_search  1405       14.8    12.4    8.3     18.3               1         
direct          1016       11.3    11.3    7.1     13.2               2         
referral        709        16.1    11.1    8.6     9.2                3         
email           747        11.9    10.8    9.0     9.7                4         
paid_search     1500       11.1    7.8     5.9     19.5               5         
affiliate       499        9.4     6.0     6.0     6.5                6         
paid_social     1821       6.6     4.6     3.3     23.7               7         
